function mpc = case96
%CASE300    Power flow data for IEEE 300 bus test case.
%   Please see CASEFORMAT for details on the case file format.
%   This data was converted from IEEE Common Data Format
%   (ieee300cdf.txt) on 20-Sep-2004 by cdf2matp, rev. 1.11
%   See end of file for warnings generated during conversion.
%
%   Converted from IEEE CDF file from:
%       http://www.ee.washington.edu/research/pstca/
% 
%  13/05/91 CYME INTERNATIONAL    100.0 1991 S IEEE 300-BUS TEST SYSTEM

%   MATPOWER
%   $Id: case300.m,v 1.11 2010/03/10 18:08:14 ray Exp $

%% MATPOWER Case Format : Version 2
mpc.version = '2';

%%-----  Power Flow Data  -----%%
%% system MVA base
mpc.baseMVA = 100;

%% bus data
%	bus_i	type	Pd	Qd	Gs	Bs	area	Vm	Va	baseKV	zone	Vmax	Vmin
mpc.bus =[
    101 2 108 22 0 0 11 1 0 138 11 1.1 0.9;
    102 2 97  20 0 0 11 1 0 138 12 1.1 0.9;
    103 1 180 37 0 0 11 1 0 138 11 1.1 0.9;
    104 1 74  15 0 0 11 1 0 138 11 1.1 0.9;
    105 1 71  14 0 0 11 1 0 138 11 1.1 0.9;
    106 1 136 28 0 1 11 1 0 138 12 1.1 0.9;
    107 2 125 25 0 0 11 1 0 138 12 1.1 0.9;
    108 1 171 35 0 0 11 1 0 138 12 1.1 0.9;
    109 1 175 36 0 0 11 1 0 138 13 1.1 0.9;
    110 1 195 40 0 0 11 1 0 138 13 1.1 0.9;
    111 1 0   0  0 0 11 1 0 230 13 1.1 0.9;
    112 1 0   0  0 0 11 1 0 230 13 1.1 0.9;
    113 3 265 54 0 0 12 1 0 230 14 1.1 0.9;
    114 2 194 39 0 0 12 1 0 230 16 1.1 0.9;
    115 2 317 64 0 0 12 1 0 230 16 1.1 0.9;
    116 2 100 20 0 0 12 1 0 230 16 1.1 0.9;
    117 1 0   0  0 0 12 1 0 230 17 1.1 0.9;
    118 2 333 68 0 0 12 1 0 230 17 1.1 0.9;
    119 1 181 37 0 0 12 1 0 230 15 1.1 0.9;
    120 1 128 26 0 0 12 1 0 230 15 1.1 0.9;
    121 2 0   0  0 0 12 1 0 230 17 1.1 0.9;
    122 2 0   0  0 0 12 1 0 230 17 1.1 0.9;
    123 2 0   0  0 0 12 1 0 230 15 1.1 0.9;
    124 1 0   0  0 0 12 1 0 230 16 1.1 0.9;      
    201 2 108 22 0 0 21 1 0 138 21 1.1 0.9;
    202 2 97  20 0 0 21 1 0 138 22 1.1 0.9;
    203 1 180 37 0 0 21 1 0 138 21 1.1 0.9;
    204 1 74  15 0 0 21 1 0 138 21 1.1 0.9;
    205 1 71  14 0 0 21 1 0 138 21 1.1 0.9;
    206 1 136 28 0 1 21 1 0 138 22 1.1 0.9;
    207 2 125 25 0 0 21 1 0 138 22 1.1 0.9;
    208 1 171 35 0 0 21 1 0 138 22 1.1 0.9;
    209 1 175 36 0 0 21 1 0 138 23 1.1 0.9;
    210 1 195 40 0 0 21 1 0 138 23 1.1 0.9;
    211 1 0   0  0 0 21 1 0 230 23 1.1 0.9;
    212 1 0   0  0 0 21 1 0 230 23 1.1 0.9;
    213 2 265 54 0 0 22 1 0 230 24 1.1 0.9;
    214 2 194 39 0 0 22 1 0 230 26 1.1 0.9;
    215 2 317 64 0 0 22 1 0 230 26 1.1 0.9;
    216 2 100 20 0 0 22 1 0 230 26 1.1 0.9;
    217 1 0   0  0 0 22 1 0 230 27 1.1 0.9;
    218 2 333 68 0 0 22 1 0 230 27 1.1 0.9;
    219 1 181 37 0 0 22 1 0 230 25 1.1 0.9;
    220 1 128 26 0 0 22 1 0 230 25 1.1 0.9;
    221 2 0   0  0 0 22 1 0 230 27 1.1 0.9;
    222 2 0   0  0 0 22 1 0 230 27 1.1 0.9;
    223 2 0   0  0 0 22 1 0 230 25 1.1 0.9;
    224 1 0   0  0 0 22 1 0 230 26 1.1 0.9;
    301 2 108 22 0 0 31 1 0 138 31 1.1 0.9;
    302 2 97  20 0 0 31 1 0 138 32 1.1 0.9;
    303 1 180 37 0 0 31 1 0 138 31 1.1 0.9;
    304 1 74  15 0 0 31 1 0 138 31 1.1 0.9;
    305 1 71  14 0 0 31 1 0 138 31 1.1 0.9;
    306 1 136 28 0 1 31 1 0 138 32 1.1 0.9;
    307 2 125 25 0 0 31 1 0 138 32 1.1 0.9;
    308 1 171 35 0 0 31 1 0 138 32 1.1 0.9;
    309 1 175 36 0 0 31 1 0 138 33 1.1 0.9;
    310 1 195 40 0 0 31 1 0 138 33 1.1 0.9;
    311 1 0   0  0 0 31 1 0 230 33 1.1 0.9;
    312 1 0   0  0 0 31 1 0 230 33 1.1 0.9;
    313 2 265 54 0 0 32 1 0 230 34 1.1 0.9;
    314 2 194 39 0 0 32 1 0 230 36 1.1 0.9;
    315 2 317 64 0 0 32 1 0 230 36 1.1 0.9;
    316 2 100 20 0 0 32 1 0 230 36 1.1 0.9;
    317 1 0   0  0 0 32 1 0 230 37 1.1 0.9;
    318 2 333 68 0 0 32 1 0 230 37 1.1 0.9;
    319 1 181 37 0 0 32 1 0 230 35 1.1 0.9;
    320 1 128 26 0 0 32 1 0 230 35 1.1 0.9;
    321 2 0   0  0 0 32 1 0 230 37 1.1 0.9;
    322 2 0   0  0 0 32 1 0 230 37 1.1 0.9;
    323 2 0   0  0 0 32 1 0 230 35 1.1 0.9;
    324 1 0   0  0 0 32 1 0 230 36 1.1 0.9;
    325 1 0   0  0 0 32 1 0 230 35 1.1 0.9;
    ];

%% generator data
%	bus	Pg	Qg	Qmax	Qmin	Vg	mBase	status	Pmax	Pmin	Pc1	Pc2	Qc1min	Qc1max	Qc2min	Qc2max	ramp_agc	ramp_10	ramp_30	ramp_q	apf
